      1000   0.001 -0.906E+11 -0.100E+12
      2000   0.002 -0.103E+12 -0.106E+12
      3000   0.002 -0.145E+12 -0.143E+12
      4000   0.003 -0.180E+12 -0.180E+12
      5000   0.004 -0.210E+12 -0.210E+12
      6000   0.005 -0.235E+12 -0.232E+12
      7000   0.006 -0.250E+12 -0.253E+12
      8000   0.006 -0.264E+12 -0.266E+12
      9000   0.007 -0.275E+12 -0.275E+12
     10000   0.008 -0.282E+12 -0.282E+12
     11000   0.009 -0.283E+12 -0.283E+12
     12000   0.010 -0.285E+12 -0.285E+12
     13000   0.010 -0.285E+12 -0.287E+12
     14000   0.011 -0.285E+12 -0.287E+12
     15000   0.012 -0.283E+12 -0.286E+12
     16000   0.013 -0.283E+12 -0.283E+12
     17000   0.014 -0.281E+12 -0.278E+12
     18000   0.014 -0.279E+12 -0.274E+12
     19000   0.015 -0.278E+12 -0.266E+12
     20000   0.016 -0.272E+12 -0.266E+12
     21000   0.017 -0.265E+12 -0.261E+12
     22000   0.018 -0.262E+12 -0.257E+12
     23000   0.018 -0.261E+12 -0.258E+12
     24000   0.019 -0.259E+12 -0.256E+12
     25000   0.020 -0.259E+12 -0.257E+12
     26000   0.021 -0.259E+12 -0.257E+12
     27000   0.022 -0.260E+12 -0.255E+12
     28000   0.022 -0.261E+12 -0.256E+12
     29000   0.023 -0.260E+12 -0.258E+12
     30000   0.024 -0.259E+12 -0.259E+12
     31000   0.025 -0.257E+12 -0.267E+12
     32000   0.026 -0.260E+12 -0.267E+12
     33000   0.026 -0.261E+12 -0.276E+12
     34000   0.027 -0.257E+12 -0.285E+12
     35000   0.028 -0.259E+12 -0.269E+12
     36000   0.029 -0.260E+12 -0.275E+12
     37000   0.030 -0.259E+12 -0.281E+12
     38000   0.030 -0.259E+12 -0.283E+12
     39000   0.031 -0.283E+12 -0.289E+12
     40000   0.032 -0.295E+12 -0.277E+12
     41000   0.033 -0.272E+12 -0.294E+12
     42000   0.034 -0.271E+12 -0.300E+12
     43000   0.034 -0.285E+12 -0.289E+12
     44000   0.035 -0.257E+12 -0.302E+12
     45000   0.036 -0.254E+12 -0.303E+12
     46000   0.037 -0.270E+12 -0.290E+12
     47000   0.038 -0.264E+12 -0.299E+12
     48000   0.038 -0.256E+12 -0.302E+12
     49000   0.039 -0.265E+12 -0.298E+12
     50000   0.040 -0.281E+12 -0.286E+12
     51000   0.041 -0.272E+12 -0.295E+12
     52000   0.042 -0.269E+12 -0.304E+12
     53000   0.042 -0.278E+12 -0.315E+12
     54000   0.043 -0.271E+12 -0.289E+12
     55000   0.044 -0.284E+12 -0.278E+12
     56000   0.045 -0.291E+12 -0.293E+12
     57000   0.046 -0.284E+12 -0.304E+12
     58000   0.046 -0.277E+12 -0.310E+12
     59000   0.047 -0.272E+12 -0.318E+12
     60000   0.048 -0.283E+12 -0.312E+12
     61000   0.049 -0.285E+12 -0.302E+12
     62000   0.050 -0.289E+12 -0.305E+12
     63000   0.050 -0.287E+12 -0.308E+12
     64000   0.051 -0.283E+12 -0.307E+12
     65000   0.052 -0.281E+12 -0.310E+12
     66000   0.053 -0.275E+12 -0.330E+12
     67000   0.054 -0.273E+12 -0.346E+12
     68000   0.054 -0.281E+12 -0.327E+12
     69000   0.055 -0.286E+12 -0.311E+12
     70000   0.056 -0.287E+12 -0.320E+12
     71000   0.057 -0.289E+12 -0.327E+12
     72000   0.058 -0.282E+12 -0.314E+12
     73000   0.058 -0.282E+12 -0.301E+12
     74000   0.059 -0.321E+12 -0.312E+12
     75000   0.060 -0.311E+12 -0.267E+12
     76000   0.061 -0.267E+12 -0.276E+12
     77000   0.062 -0.267E+12 -0.260E+12
     78000   0.062 -0.266E+12 -0.250E+12
     79000   0.063 -0.255E+12 -0.264E+12
     80000   0.064 -0.260E+12 -0.257E+12
     81000   0.065 -0.262E+12 -0.248E+12
     82000   0.066 -0.255E+12 -0.252E+12
     83000   0.066 -0.258E+12 -0.255E+12
     84000   0.067 -0.259E+12 -0.254E+12
     85000   0.068 -0.255E+12 -0.292E+12
     86000   0.069 -0.276E+12 -0.305E+12
     87000   0.070 -0.293E+12 -0.299E+12
     88000   0.070 -0.314E+12 -0.284E+12
     89000   0.071 -0.317E+12 -0.295E+12
     90000   0.072 -0.313E+12 -0.293E+12
     91000   0.073 -0.260E+12 -0.302E+12
     92000   0.074 -0.302E+12 -0.302E+12
     93000   0.074 -0.295E+12 -0.288E+12
     94000   0.075 -0.252E+12 -0.300E+12
     95000   0.076 -0.267E+12 -0.293E+12
     96000   0.077 -0.286E+12 -0.260E+12
     97000   0.078 -0.268E+12 -0.298E+12
     98000   0.078 -0.254E+12 -0.287E+12
     99000   0.079 -0.269E+12 -0.248E+12
    100000   0.080 -0.270E+12 -0.252E+12
    101000   0.081 -0.254E+12 -0.264E+12
    102000   0.082 -0.255E+12 -0.251E+12
    103000   0.082 -0.263E+12 -0.240E+12
    104000   0.083 -0.262E+12 -0.248E+12
    105000   0.084 -0.255E+12 -0.252E+12
    106000   0.085 -0.256E+12 -0.248E+12
    107000   0.086 -0.260E+12 -0.245E+12
    108000   0.086 -0.262E+12 -0.249E+12
    109000   0.087 -0.259E+12 -0.251E+12
    110000   0.088 -0.268E+12 -0.254E+12
    111000   0.089 -0.268E+12 -0.252E+12
    112000   0.090 -0.269E+12 -0.253E+12
    113000   0.090 -0.264E+12 -0.252E+12
    114000   0.091 -0.264E+12 -0.253E+12
    115000   0.092 -0.264E+12 -0.252E+12
    116000   0.093 -0.265E+12 -0.253E+12
    117000   0.094 -0.265E+12 -0.254E+12
    118000   0.094 -0.266E+12 -0.255E+12
    119000   0.095 -0.268E+12 -0.256E+12
    120000   0.096 -0.269E+12 -0.257E+12
    121000   0.097 -0.271E+12 -0.258E+12
    122000   0.098 -0.269E+12 -0.259E+12
    123000   0.098 -0.270E+12 -0.257E+12
